"num"	"u_0.05"	"u_0.1"	"u_0.2"	"u_0.3"	"o_0.05"	"o_0.1"	"o_0.2"	"o_0.3"	"GOS"	"genes"
"1"	1	34	40	52	67	8	11	11	12	613	27
"2"	2	0	0	0	0	0	0	0	0	26	1
"3"	3	0	0	0	3	0	0	0	0	48	3
"4"	4	0	0	1	1	0	0	0	11	25	1
"5"	5	1	2	3	5	0	0	0	0	22	2
"6"	6	11	18	23	27	5	12	14	15	24	3
"7"	7	0	0	1	1	0	0	0	2	26	1
"8"	8	1	4	9	21	21	29	37	39	114	6
"9"	9	0	0	3	4	0	0	1	2	28	1
"10"	10	0	0	0	0	0	0	0	7	69	1
"11"	11	0	0	0	0	12	13	13	16	59	2
"12"	12	0	0	0	0	0	0	0	0	36	1
"13"	13	0	0	0	0	0	0	0	1	60	1
"14"	14	0	0	2	2	0	0	1	1	132	8
"15"	15	0	0	0	1	3	3	3	3	52	2
"16"	16	0	0	0	0	0	0	2	3	42	1
"17"	17	0	0	0	0	0	0	2	5	91	1
"18"	18	0	0	0	0	6	8	8	8	43	2
"19"	19	0	0	0	0	0	0	0	0	60	1
"20"	20	1	1	3	4	17	19	21	21	24	1
"21"	21	0	0	0	0	0	0	0	0	11	1
"22"	22	0	0	0	0	0	0	0	3	64	1
"23"	23	3	5	8	10	18	25	36	36	39	2
"24"	24	0	0	0	0	69	81	115	139	287	3
"25"	25	0	0	0	0	0	0	0	1	42	1
"26"	26	0	0	0	1	0	2	2	3	10	1
"27"	27	0	0	0	0	0	0	1	1	23	1
"28"	28	0	0	0	0	0	0	0	0	51	2
"29"	29	0	0	0	0	0	1	1	2	32	1
"30"	30	0	0	0	1	0	0	0	0	16	1
"31"	31	0	0	0	0	0	0	3	3	47	1
"32"	32	0	0	0	0	0	0	0	0	14	1
"33"	33	0	0	0	0	38	40	50	50	145	3
"34"	34	0	0	0	0	0	0	0	0	17	1
"35"	35	0	0	0	0	3	3	6	6	135	3
"36"	36	0	0	1	2	0	0	0	0	7	1
"37"	37	0	0	0	0	4	6	6	6	105	2
"38"	38	0	0	0	0	0	0	0	0	26	1
"39"	39	0	0	0	0	0	0	0	1	9	1
"40"	40	1	2	3	5	14	14	15	16	64	3
"41"	41	0	0	0	0	0	0	0	1	55	1
"42"	42	0	0	0	0	0	0	2	3	65	1
"43"	43	0	0	0	0	0	0	1	2	36	1
"44"	44	0	0	0	0	0	0	0	0	20	1
"45"	45	0	0	0	0	0	0	0	0	21	1
"46"	46	2	2	7	10	1	11	13	14	119	5
"47"	47	0	0	0	0	0	0	0	0	35	2
"48"	48	0	0	0	0	0	0	0	0	25	1
"49"	49	0	0	0	0	0	0	3	5	50	1
"50"	50	0	0	0	0	0	0	0	0	36	1
"51"	51	0	1	1	3	0	0	1	1	23	1
"52"	52	0	0	0	0	0	4	7	7	82	4
"53"	53	0	0	0	2	0	0	0	7	38	1
"54"	54	0	0	1	1	0	0	0	0	8	1
"55"	55	0	0	0	0	0	0	0	0	16	1
"56"	56	0	0	0	0	0	0	0	0	30	2
"57"	57	0	0	0	0	0	0	2	3	44	1
"58"	58	0	0	0	0	0	0	0	2	92	1
"59"	59	0	0	1	1	3	3	3	3	42	2
"60"	60	0	0	4	5	55	57	57	64	55	2
"61"	61	0	0	1	1	3	3	3	4	29	2
"62"	62	0	0	0	0	0	0	0	1	52	1
"63"	63	0	0	0	0	0	0	0	8	128	1
"64"	64	0	0	0	0	0	0	2	2	58	1
"65"	65	0	0	2	13	0	1	1	1	88	5
"66"	66	0	0	0	0	0	0	0	0	67	1
"67"	67	0	0	0	0	1	1	1	1	50	2
"68"	68	0	1	2	3	0	0	2	2	9	1
"69"	69	0	0	0	0	0	0	0	1	38	1
"70"	70	0	0	0	0	0	0	1	2	58	1
"71"	71	0	0	0	0	0	0	0	2	42	1
"72"	72	0	0	0	0	0	0	1	1	94	1
"73"	73	0	0	0	0	32	54	59	59	50	2
"74"	74	0	0	0	0	0	0	2	2	47	1
"75"	75	0	0	4	6	0	0	0	0	15	1
"76"	76	0	0	0	0	4	12	12	13	152	2
"77"	77	0	0	4	5	0	0	0	0	8	1
"78"	78	0	0	3	5	0	1	1	1	14	1
"79"	79	8	16	24	34	18	21	22	24	31	2
"80"	80	0	0	0	0	0	0	1	1	14	1
"81"	81	0	0	1	1	1	2	2	2	59	2
"82"	82	0	0	0	0	0	0	0	2	23	1
"83"	83	0	0	4	5	0	0	0	0	23	1
"84"	84	0	0	0	0	0	0	1	3	18	1
"85"	85	0	0	0	0	0	0	0	0	16	1
"86"	86	0	0	0	0	0	0	1	1	69	1
"87"	87	0	0	2	2	8	8	8	8	25	2
"88"	88	0	0	0	3	0	0	0	1	20	1
"89"	89	0	0	0	0	2	2	2	4	30	2
"90"	90	0	0	0	0	0	0	1	1	32	1
"91"	91	0	0	0	0	0	0	0	0	48	1
"92"	92	0	0	0	0	0	0	0	0	34	1
"93"	93	0	0	0	1	0	0	0	1	16	1
"94"	94	0	0	3	6	1	1	1	1	22	1
"95"	95	0	0	2	3	0	0	0	1	16	1
"96"	96	0	0	1	2	0	0	0	0	31	2
"97"	97	0	0	1	2	0	0	0	0	19	1
"98"	98	0	0	0	0	0	0	0	1	18	1
"99"	99	0	0	0	0	0	0	0	0	22	1
"100"	100	0	0	0	0	0	0	0	0	23	1
"101"	101	1	4	7	9	0	0	0	0	20	2
"102"	102	12	18	30	38	46	48	48	50	41	3
"103"	103	0	0	0	0	0	0	1	3	45	1
"104"	104	0	0	0	0	0	0	0	0	14	1
"105"	105	0	0	0	3	0	0	3	3	30	1
"106"	106	0	0	0	0	0	0	0	0	6	1
"107"	107	0	0	3	8	0	0	0	5	16	1
"108"	108	0	0	3	5	0	0	0	0	27	1
"109"	109	0	0	1	3	0	0	0	0	7	1
"110"	110	0	0	0	0	0	0	0	0	14	1
"111"	111	0	0	0	1	0	2	2	2	19	1
"112"	112	0	0	0	0	0	0	1	4	24	1
"113"	113	1	4	6	12	1	4	7	8	140	4
"114"	114	0	0	0	0	0	0	0	0	15	1
"115"	115	0	0	4	5	0	0	0	0	59	1
"116"	116	0	0	0	0	0	0	0	0	34	1
"117"	117	0	0	0	1	2	2	3	3	21	1
"118"	118	0	0	0	1	0	0	0	1	55	1
"119"	119	0	0	0	0	0	0	1	1	22	1
"120"	120	5	8	17	21	8	8	12	12	24	2
"121"	121	0	0	0	0	0	0	0	0	10	1
"122"	122	0	0	1	1	5	5	5	5	56	3
"123"	123	0	0	0	0	0	0	0	0	22	1
"124"	124	0	0	0	1	0	0	0	0	15	1
"125"	125	0	0	0	0	0	0	1	1	63	1
"126"	126	0	0	0	0	3	3	4	4	80	2
"127"	127	0	0	0	0	0	0	1	3	38	1
"128"	128	0	0	0	1	0	0	1	2	10	1
"129"	129	0	0	0	0	0	0	1	1	28	1
"130"	130	0	0	0	0	0	0	0	0	38	1
"131"	131	0	0	0	0	0	0	1	1	43	1
"132"	132	0	0	0	0	4	5	5	6	67	2
"133"	133	0	0	0	0	0	0	0	1	38	1
"134"	134	0	0	0	0	0	0	0	2	78	1
"135"	135	0	0	0	0	5	5	6	6	83	2
"136"	136	0	0	0	0	0	0	0	0	21	1
"137"	137	0	0	0	0	0	0	0	0	31	1
"138"	138	0	1	8	11	2	2	2	2	14	2
"139"	139	0	0	0	0	0	0	0	0	35	1
"140"	140	0	0	0	0	0	0	0	0	39	1
"141"	141	0	0	0	0	0	0	1	4	19	1
"142"	142	0	0	0	0	0	0	0	1	24	1
"143"	143	132	151	170	187	18	18	18	18	17	1
"144"	144	0	0	0	0	0	0	0	0	31	1
"145"	145	0	0	0	0	0	0	0	0	39	1
"146"	146	0	0	0	0	1	2	2	2	129	2
"147"	147	0	1	2	6	0	1	1	1	22	2
"148"	148	0	0	0	0	0	0	1	2	37	1
"149"	149	0	0	1	1	0	0	1	1	16	1
"150"	150	0	0	0	0	0	0	1	6	130	1
"151"	151	0	0	0	0	0	0	0	0	45	2
"152"	152	0	0	0	0	0	0	0	0	19	1
"153"	153	0	1	2	3	6	10	13	13	22	2
"154"	154	0	0	0	0	0	0	0	0	52	1
"155"	155	0	0	0	0	0	0	0	0	14	1
"156"	156	0	1	2	2	0	0	0	2	20	1
"157"	157	0	0	1	1	0	0	0	1	20	1
"158"	158	0	0	0	1	0	0	0	0	24	1
"159"	159	0	0	0	0	0	0	0	3	44	1
"160"	160	0	0	0	0	0	0	2	3	35	1
"161"	161	0	0	0	0	0	1	2	3	49	1
"162"	162	0	0	0	0	0	0	0	0	127	1
"163"	163	0	0	0	0	0	0	0	0	17	1
"164"	164	0	0	0	0	0	0	0	0	32	2
"165"	165	0	0	1	2	0	0	0	4	14	1
"166"	166	0	0	0	1	0	0	0	0	11	1
"167"	167	2	2	6	7	0	0	0	0	26	1
"168"	168	0	0	0	0	0	0	3	6	58	1
"169"	169	0	0	0	0	0	0	0	0	15	1
"170"	170	0	0	2	5	0	0	0	3	34	1
"171"	171	0	0	0	0	0	0	0	2	36	1
"172"	172	0	0	0	0	0	0	0	4	34	1
"173"	173	0	1	3	3	0	0	0	0	9	1
"174"	174	0	0	3	5	0	0	0	2	17	1
"175"	175	0	0	0	3	0	0	0	1	52	1
"176"	176	0	0	0	0	0	0	0	0	6	1
"177"	177	0	0	0	0	0	0	0	0	30	1
"178"	178	0	0	0	0	0	0	1	1	36	1
"179"	179	0	0	0	0	0	0	1	10	65	1
"180"	180	0	0	0	0	0	0	0	0	19	1
"181"	181	0	0	0	0	0	0	0	0	19	1
"182"	182	0	0	0	0	0	0	2	2	14	1
"183"	183	0	0	1	1	0	0	0	3	21	1
"184"	184	0	0	0	0	0	0	0	1	16	1
"185"	185	0	0	2	4	0	0	0	0	36	1
"186"	186	0	0	0	0	1	2	2	2	43	2
"187"	187	0	0	1	2	0	0	0	0	15	1
"188"	188	0	0	0	1	0	0	0	3	13	1
"189"	189	0	0	0	1	0	0	0	4	25	1
"190"	190	0	0	0	1	0	0	0	2	42	1
"191"	191	7	11	14	19	1	2	2	2	3	1
"192"	192	0	0	0	0	0	0	0	1	148	1
"193"	193	0	0	1	2	0	0	0	0	23	1
"194"	194	0	0	0	1	0	0	0	1	16	1
"195"	195	0	0	0	0	0	0	0	14	86	1
"196"	196	0	0	0	1	11	14	14	14	56	1
"197"	197	0	1	2	3	0	0	0	0	13	1
"198"	198	0	0	0	0	0	0	0	3	43	1
"199"	199	0	1	2	2	0	0	0	1	27	1
"200"	200	0	0	0	0	0	0	0	0	14	1
