"num"	"u_0.05"	"u_0.1"	"u_0.2"	"u_0.3"	"o_0.05"	"o_0.1"	"o_0.2"	"o_0.3"	"GOS"	"genes"
"1"	1	0	1	3	6	0	0	0	0	86	6
"2"	2	1	3	6	7	0	0	0	0	65	4
"3"	3	1	1	3	3	0	0	0	0	61	5
"4"	4	0	0	0	0	0	0	0	0	51	4
"5"	5	0	0	1	1	6	11	22	34	226	4
"6"	6	0	0	0	0	0	0	0	4	679	25
"7"	7	1	1	1	3	0	0	1	2	445	18
"8"	8	0	0	0	2	0	0	0	0	289	17
"9"	9	0	7	8	16	0	0	0	0	409	21
"10"	10	0	1	8	11	0	0	1	2	274	12
"11"	11	1	1	1	1	0	0	2	4	1269	52
"12"	12	3	5	7	8	0	0	4	5	759	36
"13"	13	0	0	1	2	0	3	5	10	787	26
"14"	14	2	3	7	8	0	0	0	0	461	20
"15"	15	0	0	0	1	0	0	0	2	616	26
"16"	16	0	1	3	4	0	0	0	0	1772	79
"17"	17	3	5	13	20	0	0	0	0	1104	55
"18"	18	5	6	10	15	3	10	12	19	1066	40
"19"	19	0	0	0	0	1	1	1	2	720	27
"20"	20	0	1	2	7	10	12	31	33	634	27
"21"	21	3	4	4	5	0	0	0	0	1967	89
"22"	22	0	1	2	3	0	0	2	2	1806	79
"23"	23	6	13	19	29	30	33	53	62	1296	55
"24"	24	2	4	4	4	0	0	0	3	1166	50
"25"	25	8	11	12	15	0	1	4	6	1508	60
"26"	26	0	1	4	8	0	0	1	2	2944	139
"27"	27	13	18	26	31	49	60	61	67	2347	91
"28"	28	1	5	6	7	0	0	2	6	2268	93
"29"	29	11	16	23	33	7	12	13	20	1941	80
"30"	30	0	0	2	4	0	0	0	0	1594	66
"31"	31	1	2	3	6	0	0	0	1	4435	200
"32"	32	16	19	27	30	61	67	84	98	2502	92
"33"	33	0	0	0	0	0	1	1	1	3847	157
"34"	34	31	38	54	69	29	40	54	60	2192	96
"35"	35	0	1	1	3	0	0	0	1	2336	97
"36"	36	3	3	4	5	0	0	1	2	6870	288
"37"	37	21	25	44	55	29	36	44	44	2157	93
"38"	38	0	0	2	2	0	0	0	1	4599	193
"39"	39	6	22	34	45	30	55	76	93	2202	87
"40"	40	15	17	19	24	0	0	0	0	2617	104
"41"	41	5	6	8	12	0	0	0	1	9463	393
"42"	42	16	20	30	36	61	73	93	111	2817	105
"43"	43	2	5	12	17	7	7	8	9	4870	192
"44"	44	8	9	22	26	6	6	6	9	1620	70
"45"	45	25	33	46	63	12	15	24	28	1769	84
"46"	46	16	25	35	44	6	6	8	8	12958	538
"47"	47	20	26	43	59	73	82	124	142	3171	122
"48"	48	0	0	0	1	0	1	1	3	5847	225
"49"	49	0	1	4	10	1	2	3	5	1926	85
"50"	50	0	0	0	1	1	3	3	6	3081	99
"51"	51	10	18	40	45	4	6	8	10	12958	538
"52"	52	11	24	33	50	76	86	102	120	4909	185
"53"	53	1	1	1	5	0	0	0	2	6563	253
"54"	54	18	27	37	50	4	5	7	8	2650	113
"55"	55	0	1	2	2	5	14	17	28	2595	100
"56"	56	52	57	69	84	8	9	12	12	18253	753
"57"	57	7	19	32	39	47	56	68	90	4013	153
"58"	58	2	2	3	4	14	16	28	39	5866	196
"59"	59	0	0	0	2	1	1	1	1	3070	126
"60"	60	9	13	19	24	0	2	13	13	2038	84
"61"	61	52	64	76	87	8	9	11	12	18253	753
"62"	62	11	15	31	38	51	58	74	78	4882	192
"63"	63	1	1	2	3	10	13	16	21	6578	226
"64"	64	1	2	2	4	1	2	7	8	3482	134
"65"	65	5	10	13	16	2	2	3	3	2378	101
"66"	66	42	50	64	74	9	9	12	16	26216	1059
"67"	67	8	14	19	25	21	26	32	33	3138	126
"68"	68	0	1	4	4	42	51	57	60	6655	238
"69"	69	8	10	14	17	5	6	8	8	3036	118
"70"	70	0	0	0	2	0	0	0	0	2466	107
"71"	71	35	49	58	75	9	10	15	16	26216	1059
"72"	72	6	19	23	30	21	34	43	48	4225	167
"73"	73	1	4	6	7	41	47	54	57	6917	254
"74"	74	1	2	2	4	1	4	5	8	3302	121
"75"	75	0	0	0	1	22	25	32	41	2318	96
"76"	76	37	54	63	78	9	10	13	15	26216	1059
"77"	77	10	20	22	27	9	22	25	30	5877	233
"78"	78	0	2	3	4	39	41	47	55	7545	279
"79"	79	0	0	0	0	19	26	31	36	2849	109
"80"	80	0	0	0	0	1	3	13	15	3116	118
"81"	81	21	24	38	50	16	21	32	35	39986	1563
"82"	82	4	7	8	11	9	13	22	27	4541	184
"83"	83	29	41	62	70	9	10	14	15	1805	75
"84"	84	2	4	4	6	0	1	3	4	4324	136
"85"	85	0	0	0	1	0	0	2	3	2602	90
"86"	86	17	24	37	54	17	23	28	37	39986	1563
"87"	87	3	5	8	12	5	10	15	20	5070	214
"88"	88	21	28	43	45	7	12	16	25	3327	118
"89"	89	2	2	3	8	0	1	1	1	2725	106
"90"	90	0	0	0	2	1	6	8	12	2398	82
"91"	91	24	30	44	56	18	19	28	36	39986	1563
"92"	92	2	2	4	7	7	12	17	21	5671	239
"93"	93	34	43	59	65	8	11	14	14	2302	93
"94"	94	0	0	1	2	1	1	3	4	4341	131
"95"	95	0	0	0	3	2	4	10	10	2528	93
"96"	96	20	24	41	50	17	20	30	36	39986	1563
"97"	97	4	5	5	8	7	13	17	20	6607	277
"98"	98	31	38	56	68	8	11	15	15	2208	90
"99"	99	1	1	1	1	1	1	6	10	4654	144
"100"	100	0	0	0	0	2	4	12	13	2842	90
"101"	101	19	27	42	54	17	18	33	38	39986	1563
"102"	102	3	3	8	15	2	5	11	19	7574	317
"103"	103	25	43	56	62	6	8	9	9	2470	97
"104"	104	0	1	3	4	4	4	5	5	4784	145
"105"	105	0	3	5	5	4	8	12	18	2187	69
"106"	106	80	107	119	139	8	10	13	13	59198	2326
"107"	107	4	6	8	9	9	15	21	27	2274	66
"108"	108	2	3	4	4	19	22	60	81	2497	69
"109"	109	0	0	1	1	0	1	4	11	1496	48
"110"	110	3	3	3	6	107	116	124	133	1428	46
"111"	111	81	103	113	131	9	11	13	13	59198	2326
"112"	112	4	6	11	12	16	20	29	36	2376	71
"113"	113	3	3	3	5	14	24	39	54	2686	77
"114"	114	1	2	2	2	1	1	3	4	2086	65
"115"	115	9	10	18	24	89	95	105	113	1271	44
"116"	116	72	96	115	133	9	11	12	13	59198	2326
"117"	117	6	8	10	12	17	27	32	38	2587	78
"118"	118	1	2	4	5	5	9	22	42	2481	70
"119"	119	0	0	0	0	0	3	10	10	2088	59
"120"	120	0	0	0	0	0	2	2	4	1154	42
"121"	121	81	101	113	138	9	10	12	12	59198	2326
"122"	122	6	7	10	13	12	17	24	30	2724	85
"123"	123	3	6	7	9	18	30	44	59	2596	71
"124"	124	0	0	0	0	0	0	4	4	2168	63
"125"	125	0	0	0	0	0	1	1	1	1113	40
"126"	126	58	81	115	128	9	10	12	13	59198	2326
"127"	127	6	9	12	13	12	17	25	28	2872	92
"128"	128	0	1	4	5	10	20	44	67	2819	78
"129"	129	0	0	1	1	0	2	7	14	2431	71
"130"	130	0	0	0	0	0	0	0	1	1237	47
"131"	131	78	96	117	138	9	10	11	13	59198	2326
"132"	132	13	16	23	24	122	130	152	154	2959	95
"133"	133	1	1	4	5	6	18	35	58	2802	78
"134"	134	0	0	0	0	1	1	1	3	2179	65
"135"	135	2	3	3	4	0	0	1	1	1200	42
"136"	136	82	102	113	129	9	11	12	13	59198	2326
"137"	137	8	12	14	18	125	132	150	160	3013	96
"138"	138	1	1	2	4	14	28	35	56	2704	75
"139"	139	0	0	1	3	0	0	2	4	2521	77
"140"	140	0	0	0	0	0	0	1	3	1608	51
"141"	141	75	86	114	140	8	11	11	13	59198	2326
"142"	142	8	8	14	19	115	123	141	159	3083	99
"143"	143	2	2	5	11	13	20	35	62	2760	76
"144"	144	0	0	0	2	0	1	3	7	2099	68
"145"	145	0	0	0	0	0	1	5	6	1620	56
"146"	146	70	89	114	121	8	11	11	13	59198	2326
"147"	147	7	8	14	16	113	137	147	151	3130	100
"148"	148	2	3	5	7	38	54	66	78	3372	95
"149"	149	0	0	0	0	0	0	1	3	2422	77
"150"	150	0	0	0	0	1	3	7	10	1664	54
"151"	151	71	103	114	139	9	11	12	14	59198	2326
"152"	152	5	6	7	7	113	126	154	157	3352	104
"153"	153	1	3	3	3	16	25	40	55	3489	99
"154"	154	0	0	1	1	0	0	0	6	2591	85
"155"	155	0	0	0	0	0	0	2	2	1327	40
"156"	156	75	107	127	141	10	11	12	13	59198	2326
"157"	157	5	6	7	7	120	137	157	163	3352	104
"158"	158	3	3	3	3	22	29	55	60	3489	99
"159"	159	0	0	0	0	0	0	2	3	2756	91
"160"	160	0	0	0	0	0	1	1	3	1455	46
"161"	161	72	92	109	122	8	10	12	13	59198	2326
"162"	162	5	7	7	7	119	137	153	170	3352	104
"163"	163	1	3	3	3	15	30	54	62	3489	99
"164"	164	0	0	0	0	0	1	3	3	2955	99
"165"	165	0	0	0	0	2	4	9	13	1720	54
"166"	166	80	94	110	128	8	11	12	13	59198	2326
"167"	167	0	0	3	4	106	117	135	146	4853	155
"168"	168	0	1	2	3	7	10	19	22	3361	94
"169"	169	4	4	7	10	0	0	0	0	2390	89
"170"	170	0	0	0	0	0	1	1	3	1574	48
"171"	171	21	22	23	24	1818	1996	2106	2197	81294	3051
"172"	172	20	22	22	24	1846	1950	2062	2274	81294	3051
"173"	173	20	22	23	24	1903	2008	2154	2223	81294	3051
"174"	174	20	21	23	24	1862	1994	2100	2183	81294	3051
"175"	175	22	22	23	24	1778	1946	2107	2264	81294	3051
"176"	176	21	22	23	24	1858	1967	2139	2261	81294	3051
"177"	177	20	22	23	24	1957	2045	2136	2296	81294	3051
"178"	178	22	22	23	24	1798	1936	2102	2185	81294	3051
"179"	179	20	22	23	24	1902	2067	2199	2280	81294	3051
"180"	180	20	22	22	23	1846	1991	2101	2224	81294	3051
"181"	181	20	22	23	24	1957	2050	2143	2279	81294	3051
"182"	182	20	22	23	24	1888	1969	2132	2215	81294	3051
"183"	183	20	22	23	24	1762	1928	2074	2224	81294	3051
"184"	184	22	22	23	24	1800	1987	2105	2214	81294	3051
"185"	185	21	22	23	24	1845	1972	2105	2281	81294	3051
"186"	186	21	22	23	24	1886	2031	2153	2250	81294	3051
"187"	187	19	22	22	23	1882	2024	2136	2231	81294	3051
"188"	188	20	22	22	24	1924	2007	2168	2359	81294	3051
"189"	189	22	22	23	24	1870	2037	2139	2248	81294	3051
"190"	190	22	22	22	23	1816	1921	2055	2139	81294	3051
"191"	191	20	21	23	24	1867	2015	2100	2198	81294	3051
"192"	192	20	21	23	24	1901	2045	2134	2231	81294	3051
"193"	193	21	22	22	23	1786	1963	2121	2182	81294	3051
"194"	194	20	22	22	23	1823	1985	2127	2252	81294	3051
"195"	195	21	22	22	23	1848	1980	2141	2247	81294	3051
"196"	196	21	22	22	23	1696	1978	2120	2234	81294	3051
"197"	197	21	22	23	24	1838	1970	2117	2263	81294	3051
"198"	198	21	22	22	23	1932	2017	2126	2204	81294	3051
"199"	199	20	22	23	24	1868	2057	2166	2290	81294	3051
"200"	200	20	22	23	24	1834	1971	2149	2229	81294	3051
"201"	201	22	22	23	24	1827	1937	2111	2184	81294	3051
"202"	202	20	22	22	23	1798	1934	2126	2223	81294	3051
"203"	203	20	22	22	23	1874	1973	2132	2260	81294	3051
"204"	204	20	22	23	24	1818	1979	2137	2269	81294	3051
"205"	205	22	22	23	24	1841	2018	2143	2263	81294	3051
"206"	206	20	22	22	23	1808	1952	2116	2241	81294	3051
"207"	207	21	22	23	24	1976	2064	2242	2354	81294	3051
"208"	208	20	22	23	24	1832	2017	2124	2224	81294	3051
"209"	209	20	22	23	24	1818	2020	2120	2248	81294	3051
"210"	210	22	22	22	23	1841	1912	2094	2222	81294	3051
"211"	211	20	22	23	23	1795	1970	2134	2189	81294	3051
"212"	212	20	22	22	23	1912	2082	2138	2279	81294	3051
"213"	213	20	22	22	23	1866	2024	2174	2254	81294	3051
"214"	214	20	22	23	24	1945	2062	2172	2276	81294	3051
"215"	215	21	22	23	24	1797	1886	2094	2180	81294	3051
"216"	216	20	22	23	24	1775	1899	2121	2196	81294	3051
"217"	217	20	22	23	24	1857	1961	2140	2264	81294	3051
"218"	218	22	22	23	23	1913	2066	2197	2271	81294	3051
"219"	219	22	22	22	24	1883	2068	2174	2332	81294	3051
"220"	220	22	22	22	23	1863	2007	2106	2193	81294	3051
"221"	221	22	22	23	24	1853	2017	2165	2270	81294	3051
"222"	222	20	22	22	24	1783	1987	2134	2271	81294	3051
"223"	223	22	22	22	24	1849	1969	2109	2159	81294	3051
"224"	224	20	22	23	24	1835	1975	2153	2262	81294	3051
"225"	225	20	22	22	23	1778	1942	2112	2166	81294	3051
"226"	226	20	20	23	24	1878	1969	2124	2226	81294	3051
"227"	227	20	22	22	23	1812	1982	2103	2180	81294	3051
"228"	228	22	22	23	24	1899	1997	2192	2303	81294	3051
"229"	229	20	22	23	24	1930	2018	2127	2255	81294	3051
"230"	230	20	22	22	24	1889	2008	2169	2265	81294	3051
"231"	231	22	22	22	23	1869	1947	2122	2228	81294	3051
"232"	232	20	22	22	24	1839	1985	2098	2172	81294	3051
"233"	233	20	22	22	23	1906	2006	2127	2280	81294	3051
"234"	234	21	22	23	23	1821	1978	2107	2213	81294	3051
"235"	235	22	22	22	24	1821	1913	2071	2197	81294	3051
"236"	236	21	22	23	24	1851	1953	2113	2214	81294	3051
